[0, 174, 184, 149]
[2, 12, 2, 11]
[2, 14, 8, 3]
[2, 14, 13, 8]
[2, 15, 15, 0]
[2, 0, 7, 4]
[2, 1, 6, 10]
[2, 1, 13, 12]
[2, 4, 10, 3]
[2, 6, 5, 0]
[2, 6, 0, 11]
[2, 7, 7, 8]
[2, 8, 15, 12]
[2, 9, 5, 4]
[2, 9, 14, 2]
[3, 12, 4, 9]
[3, 12, 13, 9]
[3, 12, 15, 14]
[3, 13, 10, 1]
[3, 13, 1, 2]
[3, 14, 9, 0]
[3, 15, 1, 10]
[3, 0, 7, 9]
[3, 0, 9, 9]
[3, 0, 10, 14]
[3, 0, 13, 12]
[3, 1, 8, 7]
[3, 4, 5, 1]
[3, 4, 7, 6]
[3, 4, 12, 1]
[3, 5, 9, 10]
[3, 5, 2, 9]
[3, 6, 1, 8]
[3, 7, 9, 2]
[3, 8, 5, 4]
[3, 8, 15, 1]
[3, 8, 1, 1]
[3, 8, 2, 6]
[3, 9, 0, 15]
[4, 11, 4, 7]
[4, 12, 9, 5]
[4, 13, 9, 5]
[4, 13, 9, 8]
[4, 13, 14, 15]
[4, 14, 3, 7]
[4, 14, 5, 9]
[4, 15, 4, 6]
[4, 15, 13, 14]
[4, 1, 9, 5]
[4, 2, 4, 10]
[4, 2, 8, 12]
[4, 2, 12, 4]
[4, 3, 12, 15]
[4, 4, 1, 13]
[4, 5, 6, 7]
[4, 5, 1, 13]
[4, 5, 1, 0]
[4, 6, 11, 15]
[4, 6, 13, 1]
[4, 7, 5, 6]
[4, 7, 12, 14]
[4, 9, 1, 13]
[4, 10, 4, 12]
[4, 10, 12, 2]
[4, 10, 0, 4]
[5, 11, 13, 2]
[5, 12, 10, 5]
[5, 12, 10, 9]
[5, 14, 5, 7]
[5, 15, 11, 2]
[5, 0, 7, 5]
[5, 2, 15, 7]
[5, 3, 5, 10]
[5, 4, 2, 13]
[5, 4, 2, 1]
[5, 6, 13, 15]
[5, 7, 3, 10]
[5, 8, 15, 13]
[5, 10, 7, 15]
[6, 13, 7, 11]
[6, 13, 0, 2]
[6, 13, 1, 8]
[6, 14, 10, 13]
[6, 14, 12, 13]
[6, 14, 14, 13]
[6, 2, 4, 7]
[6, 2, 1, 1]
[6, 5, 8, 10]
[6, 5, 9, 0]
[6, 5, 15, 3]
[6, 6, 4, 5]
[6, 6, 6, 5]
[6, 6, 2, 5]
[6, 10, 9, 9]
[6, 10, 12, 15]
[7, 14, 4, 3]
[7, 15, 6, 11]
[7, 15, 9, 5]
[7, 15, 10, 9]
[7, 15, 14, 10]
[7, 15, 0, 1]
[7, 0, 2, 13]
[7, 1, 15, 13]
[7, 6, 12, 11]
[7, 7, 6, 2]
[7, 7, 8, 9]
[7, 7, 14, 3]
[7, 7, 1, 13]
[7, 7, 2, 1]
[7, 8, 10, 5]
[7, 9, 7, 5]
[8, 11, 14, 4]
[8, 13, 7, 6]
[8, 13, 1, 10]
[8, 14, 0, 3]
[8, 0, 4, 5]
[8, 0, 14, 10]
[8, 0, 15, 10]
[8, 1, 10, 3]
[8, 2, 15, 4]
[8, 3, 6, 12]
[8, 5, 9, 2]
[8, 5, 15, 14]
[8, 6, 8, 11]
[8, 8, 6, 2]
[8, 8, 7, 2]
[8, 8, 12, 13]
[8, 9, 2, 11]
[8, 10, 7, 12]
[9, 12, 10, 15]
[9, 12, 2, 13]
[9, 13, 5, 2]
[9, 14, 8, 15]
[9, 0, 8, 0]
[9, 1, 11, 11]
[9, 2, 3, 10]
[9, 4, 10, 5]
[9, 4, 2, 7]
[9, 5, 13, 10]
[9, 6, 0, 7]
[9, 8, 0, 8]
[9, 9, 3, 3]
[9, 10, 11, 2]
[10, 11, 12, 0]
[10, 11, 15, 7]
[10, 14, 7, 8]
[10, 14, 9, 10]
[10, 15, 13, 3]
[10, 0, 5, 7]
[10, 1, 3, 3]
[10, 1, 7, 4]
[10, 3, 4, 8]
[10, 3, 7, 15]
[10, 6, 15, 0]
[10, 6, 1, 2]
[10, 7, 5, 11]
[10, 8, 13, 15]
[10, 9, 11, 11]
[10, 9, 15, 12]
[11, 11, 8, 0]
[11, 12, 9, 3]
[11, 0, 6, 6]
[11, 2, 15, 14]
[11, 3, 0, 8]
[11, 4, 1, 11]
[11, 8, 14, 14]
[11, 10, 7, 6]
[12, 11, 8, 1]
[12, 11, 12, 2]
[12, 11, 14, 0]
[12, 14, 13, 6]
[12, 0, 11, 2]
[12, 0, 1, 13]
[12, 1, 13, 5]
[12, 2, 3, 10]
[12, 2, 3, 15]
[12, 2, 11, 6]
[12, 3, 4, 10]
[12, 3, 6, 8]
[12, 3, 0, 9]
[12, 6, 5, 14]
[12, 8, 3, 10]
[12, 8, 9, 5]
[12, 9, 5, 13]
[12, 10, 3, 14]
[12, 10, 11, 7]
[12, 10, 11, 2]
[13, 15, 3, 3]
[13, 1, 6, 10]
[13, 7, 11, 11]
[13, 9, 14, 2]
[14, 12, 7, 7]
[14, 13, 15, 0]
[14, 13, 0, 0]
[14, 15, 8, 1]
[14, 0, 7, 0]
[14, 0, 8, 15]
[14, 0, 10, 15]
[14, 2, 11, 3]
[14, 4, 15, 15]
[14, 5, 7, 8]
[14, 5, 8, 8]
[14, 7, 0, 9]
[14, 8, 15, 8]
[14, 8, 0, 7]
[14, 8, 2, 7]
[14, 10, 3, 11]
[15, 11, 14, 1]
[15, 13, 11, 1]
[15, 15, 0, 14]
[15, 1, 6, 12]
[15, 2, 11, 8]
[15, 2, 1, 11]
[15, 3, 6, 9]
[15, 5, 3, 9]
[15, 7, 8, 6]
[15, 9, 14, 4]
[15, 10, 3, 0]
[15, 10, 9, 3]
[0, 11, 12, 12]
[0, 11, 14, 12]
[0, 11, 15, 11]
[0, 13, 10, 1]
[0, 14, 8, 5]
[0, 15, 5, 0]
[0, 15, 15, 8]
[0, 0, 6, 0]
[0, 3, 4, 4]
[0, 3, 6, 4]
[0, 3, 7, 3]
[0, 5, 2, 9]
[0, 6, 0, 13]
[0, 7, 7, 0]
[0, 7, 13, 8]
[0, 8, 14, 8]
[1, 13, 14, 3]
[1, 14, 6, 11]
[1, 15, 4, 4]
[1, 15, 7, 8]
[1, 15, 9, 13]
[1, 0, 7, 9]
[1, 0, 14, 4]
[1, 2, 4, 8]
[1, 5, 6, 11]
[1, 6, 14, 3]
[1, 7, 12, 12]
[1, 7, 15, 0]
[1, 7, 1, 5]
[1, 8, 6, 12]
[1, 8, 15, 1]
[1, 10, 12, 0]
