[0, 174, 184, 149]
[2, 11, 14, 13]
[2, 12, 9, 0]
[2, 13, 8, 2]
[2, 14, 4, 2]
[2, 14, 7, 5]
[2, 15, 8, 8]
[2, 15, 9, 0]
[2, 15, 13, 6]
[2, 15, 1, 10]
[2, 0, 3, 7]
[2, 4, 12, 13]
[2, 6, 6, 12]
[2, 6, 12, 3]
[2, 8, 14, 4]
[2, 9, 0, 5]
[2, 9, 2, 8]
[2, 9, 2, 13]
[3, 11, 1, 5]
[3, 13, 5, 1]
[3, 13, 14, 6]
[3, 14, 1, 12]
[3, 0, 14, 8]
[3, 1, 5, 1]
[3, 1, 6, 3]
[3, 1, 7, 5]
[3, 1, 11, 5]
[3, 1, 12, 9]
[3, 2, 12, 15]
[3, 5, 9, 12]
[3, 5, 10, 14]
[3, 6, 6, 5]
[3, 6, 10, 8]
[3, 6, 11, 9]
[3, 7, 3, 8]
[3, 7, 12, 2]
[3, 8, 3, 6]
[3, 8, 9, 14]
[3, 8, 12, 4]
[3, 8, 0, 15]
[3, 9, 10, 1]
[3, 10, 9, 14]
[3, 10, 14, 6]
[3, 10, 2, 6]
[4, 11, 8, 10]
[4, 14, 15, 15]
[4, 14, 0, 8]
[4, 15, 10, 12]
[4, 0, 5, 3]
[4, 1, 11, 4]
[4, 4, 5, 2]
[4, 5, 2, 4]
[4, 5, 2, 14]
[4, 6, 13, 14]
[4, 6, 14, 10]
[4, 9, 3, 7]
[4, 9, 10, 12]
[4, 9, 11, 11]
[5, 12, 12, 2]
[5, 14, 9, 13]
[5, 14, 11, 4]
[5, 15, 13, 5]
[5, 15, 1, 3]
[5, 0, 14, 12]
[5, 1, 9, 12]
[5, 1, 2, 1]
[5, 2, 7, 6]
[5, 3, 10, 10]
[5, 3, 13, 9]
[5, 6, 8, 11]
[5, 6, 8, 3]
[5, 6, 12, 6]
[5, 8, 7, 1]
[5, 9, 10, 9]
[5, 10, 5, 15]
[5, 10, 12, 12]
[6, 13, 3, 12]
[6, 15, 7, 2]
[6, 0, 3, 12]
[6, 1, 10, 9]
[6, 1, 13, 2]
[6, 1, 15, 15]
[6, 2, 3, 0]
[6, 2, 15, 15]
[6, 3, 1, 1]
[6, 5, 7, 2]
[6, 6, 11, 0]
[6, 6, 2, 3]
[6, 7, 5, 0]
[6, 7, 11, 6]
[6, 7, 0, 10]
[6, 8, 13, 3]
[6, 9, 14, 14]
[6, 10, 0, 12]
[6, 10, 0, 15]
[7, 11, 11, 13]
[7, 12, 10, 7]
[7, 13, 5, 12]
[7, 13, 8, 0]
[7, 14, 12, 13]
[7, 15, 3, 0]
[7, 0, 3, 6]
[7, 0, 6, 9]
[7, 1, 1, 11]
[7, 2, 2, 10]
[7, 3, 3, 0]
[7, 4, 15, 2]
[7, 6, 3, 11]
[7, 6, 1, 9]
[7, 7, 2, 6]
[7, 8, 7, 7]
[7, 8, 11, 7]
[8, 11, 7, 5]
[8, 12, 9, 1]
[8, 12, 15, 10]
[8, 12, 2, 8]
[8, 13, 3, 5]
[8, 13, 9, 8]
[8, 14, 7, 14]
[8, 14, 10, 11]
[8, 15, 11, 4]
[8, 1, 9, 2]
[8, 3, 14, 0]
[8, 5, 10, 10]
[8, 6, 14, 11]
[8, 6, 1, 7]
[8, 7, 0, 6]
[8, 8, 6, 15]
[8, 8, 15, 15]
[8, 9, 15, 10]
[8, 10, 15, 8]
[8, 10, 2, 6]
[9, 11, 11, 4]
[9, 13, 14, 2]
[9, 14, 14, 2]
[9, 15, 3, 4]
[9, 15, 5, 15]
[9, 15, 9, 4]
[9, 15, 1, 5]
[9, 2, 15, 2]
[9, 2, 0, 12]
[9, 3, 0, 5]
[9, 3, 0, 2]
[9, 6, 0, 0]
[9, 6, 1, 6]
[9, 7, 1, 2]
[9, 8, 5, 2]
[9, 8, 8, 12]
[9, 8, 2, 7]
[9, 10, 3, 3]
[9, 10, 7, 4]
[9, 10, 8, 4]
[10, 11, 15, 9]
[10, 13, 3, 2]
[10, 13, 8, 9]
[10, 13, 11, 12]
[10, 13, 1, 3]
[10, 15, 1, 1]
[10, 0, 12, 2]
[10, 3, 3, 14]
[10, 3, 4, 12]
[10, 4, 12, 10]
[10, 4, 0, 3]
[10, 5, 13, 6]
[10, 6, 7, 12]
[10, 6, 9, 2]
[10, 6, 0, 14]
[10, 6, 1, 6]
[10, 7, 13, 14]
[10, 7, 14, 13]
[10, 7, 15, 8]
[10, 7, 1, 14]
[10, 7, 2, 5]
[10, 8, 6, 14]
[10, 8, 2, 7]
[10, 8, 2, 10]
[10, 9, 3, 10]
[10, 9, 2, 3]
[11, 11, 3, 2]
[11, 14, 14, 9]
[11, 0, 9, 7]
[11, 1, 3, 14]
[11, 2, 6, 8]
[11, 3, 14, 14]
[11, 3, 1, 8]
[11, 3, 2, 0]
[11, 5, 14, 9]
[11, 6, 5, 2]
[11, 6, 6, 9]
[11, 7, 4, 14]
[11, 8, 13, 0]
[11, 9, 8, 7]
[12, 11, 15, 15]
[12, 11, 2, 1]
[12, 12, 14, 9]
[12, 15, 9, 5]
[12, 0, 0, 0]
[12, 1, 7, 10]
[12, 1, 9, 14]
[12, 1, 0, 4]
[12, 5, 11, 5]
[12, 6, 6, 3]
[12, 6, 2, 9]
[12, 9, 6, 13]
[12, 10, 9, 5]
[13, 11, 11, 9]
[13, 12, 7, 10]
[13, 12, 11, 9]
[13, 12, 1, 9]
[13, 13, 4, 7]
[13, 13, 13, 8]
[13, 1, 5, 9]
[13, 2, 8, 7]
[13, 2, 14, 15]
[13, 3, 14, 6]
[13, 3, 15, 3]
[13, 3, 2, 12]
[13, 6, 13, 14]
[13, 6, 2, 0]
[13, 7, 14, 12]
[13, 8, 0, 13]
[13, 8, 1, 5]
[13, 9, 4, 11]
[13, 9, 11, 5]
[14, 11, 3, 4]
[14, 11, 5, 9]
[14, 12, 1, 3]
[14, 15, 11, 0]
[14, 1, 14, 15]
[14, 1, 15, 12]
[14, 2, 4, 14]
[14, 3, 0, 8]
[14, 3, 2, 4]
[14, 4, 7, 3]
[14, 7, 5, 0]
[14, 8, 13, 8]
[14, 9, 10, 14]
[14, 9, 12, 12]
[14, 9, 15, 6]
[14, 10, 7, 1]
[14, 10, 15, 10]
[14, 10, 15, 11]
[15, 11, 5, 5]
[15, 11, 1, 0]
[15, 14, 7, 9]
[15, 15, 11, 15]
[15, 0, 7, 11]
[15, 1, 0, 6]
[15, 2, 14, 8]
[15, 4, 3, 6]
[15, 4, 5, 14]
[15, 4, 10, 14]
[15, 4, 13, 10]
[15, 4, 0, 2]
[15, 4, 2, 10]
[15, 5, 11, 9]
[15, 5, 1, 7]
[15, 7, 11, 13]
[15, 7, 11, 0]
[15, 8, 9, 12]
[0, 11, 13, 5]
[0, 12, 7, 11]
[0, 12, 10, 13]
[0, 13, 12, 7]
[0, 14, 8, 5]
[0, 14, 13, 12]
[0, 15, 5, 13]
[0, 1, 7, 9]
[0, 2, 6, 15]
[0, 4, 6, 4]
[0, 5, 12, 15]
[0, 7, 4, 11]
[0, 7, 8, 13]
[0, 7, 8, 3]
[0, 7, 9, 6]
[0, 8, 4, 9]
[0, 9, 8, 13]
[0, 10, 12, 9]
[1, 11, 2, 6]
[1, 14, 10, 11]
[1, 15, 10, 1]
[1, 0, 7, 14]
[1, 2, 6, 2]
[1, 2, 14, 12]
[1, 5, 3, 2]
[1, 7, 3, 10]
[1, 7, 4, 1]
[1, 7, 5, 0]
[1, 8, 5, 6]
[1, 8, 12, 3]
[1, 8, 13, 11]
[1, 10, 14, 10]
