499 4
12341 1
1155 1
4372 1
9947 1
8718 1
7450 1
4793 1
786 1
1376 1
2003 1
720 1
996 1
3062 1
1227 1
2246 1
2839 1
833 1
9342 0
1870 1
6456 0
3721 1
2127 1
6593 0
1741 1
517 1
2023 1
412 1
1959 1
1528 1
1508 1
14145 0
132 1
1240 1
240 1
5476 0
565 1
3204 0
704 1
325 1
10072 0
190 1
773 1
1375 1
736 1
794 1
1113 1
11282 0
808 1
7232 0
949 1
8702 0
11446 0
380 1
6330 0
1589 1
13919 0
1809 1
466 1
673 1
11002 0
827 1
4888 0
646 1
6383 0
651 1
3779 0
201 1
316 1
1979 0
2481 0
14434 0
1025 1
1076 1
939 1
2837 0
12886 0
1174 1
12767 0
13799 0
1293 1
1213 1
4950 0
5452 0
126 1
634 1
3350 0
7738 0
846 1
4233 0
7383 0
8345 0
13035 0
936 1
11659 0
1299 1
10473 0
854 1
11368 0
843 1
14208 0
635 1
10583 0
14238 0
1408 1
13469 0
1159 1
5526 0
12152 0
13096 0
1464 1
9886 0
14284 0
117 1
11020 0
13075 0
1181 1
2783 0
4563 0
13372 0
14276 0
353 1
13462 0
14440 0
643 1
10041 0
521 1
6591 0
14438 0
14829 0
807 1
12319 0
14926 0
1014 1
3404 0
10816 0
14334 0
1103 1
6692 0
7613 0
11215 0
1260 1
4524 0
12787 0
550 1
4594 0
6401 0
11994 0
134 1
5186 0
7389 0
8703 0
222 1
2711 0
7014 0
13161 0
14569 0
305 1
2235 0
4376 0
4507 0
7013 0
9779 0
12353 0
109 1
7177 0
7364 0
9882 0
11844 0
13509 0
226 1
1560 0
3469 0
4028 0
6622 0
7238 0
7573 0
7983 0
12888 0
14826 0
265 1
2651 0
4463 0
7579 0
8000 0
8902 0
10728 0
11715 0
19 1
8900 0
9470 0
10073 0
350 1
2649 0
8822 0
356 1
5461 0
526 1
3305 0
7346 0
14013 0
14103 0
527 1
3825 0
6296 0
8542 0
624 1
7175 0
9586 0
467 1
3457 0
4168 0
5195 0
10747 0
11209 0
12161 0
13183 0
14401 0
14724 0
248 1
2409 0
2750 0
3560 0
8150 0
10245 0
10835 0
11546 0
12407 0
13202 0
288 1
5829 0
7703 0
8619 0
9344 0
9611 0
13547 0
13735 0
627 1
12864 0
13850 0
647 1
4944 0
5084 0
5409 0
6827 0
8165 0
11579 0
12694 0
668 1
9004 0
13892 0
14410 0
135 1
1471 0
10334 0
682 1
1937 0
8647 0
9605 0
10095 0
11412 0
14679 0
404 1
2219 0
5993 0
769 1
11455 0
710 1
2183 0
2873 0
4918 0
7947 0
8407 0
11189 0
13574 0
99 1
3217 0
6022 0
8432 0
10304 0
11868 0
12679 0
441 1
2684 0
3025 0
8117 0
9428 0
10920 0
12419 0
862 1
2948 0
4114 0
5169 0
7317 0
9034 0
260 1
11495 0
13596 0
14584 0
138 1
2872 0
3084 0
4194 0
7959 0
8540 0
9587 0
14046 0
586 1
9443 0
9774 0
12397 0
14703 0
14953 0
960 1
7418 0
8294 0
10168 0
10708 0
11729 0
12534 0
13070 0
278 1
3647 0
9309 0
999 1
4248 0
4474 0
5035 0
6656 0
7213 0
10064 0
1005 1
8730 0
50 1
2153 0
4628 0
6169 0
6960 0
8457 0
9666 0
10843 0
13464 0
292 1
4409 0
4709 0
4991 0
6081 0
6806 0
7766 0
276 1
3246 0
4353 0
5501 0
7206 0
7498 0
11936 0
13960 0
14834 0
310 1
1695 0
2460 0
4513 0
5157 0
5473 0
6208 0
7012 0
9990 0
10502 0
11901 0
11904 0
11964 0
12063 0
12877 0
14155 0
54 1
1898 0
3295 0
5778 0
9161 0
12818 0
13301 0
13750 0
14981 0
205 1
9420 0
9926 0
11161 0
329 1
3389 0
3402 0
5450 0
8322 0
10623 0
129 1
4668 0
9324 0
10344 0
495 1
2098 0
3572 0
9109 0
10071 0
11219 0
11972 0
12163 0
14684 0
14928 0
140 1
2413 0
3314 0
4832 0
7778 0
10359 0
11127 0
11330 0
12853 0
13032 0
14135 0
14987 0
254 1
5651 0
10919 0
301 1
2507 0
3546 0
5600 0
5733 0
7277 0
9757 0
14576 0
348 1
3397 0
4807 0
5273 0
7299 0
10477 0
12428 0
13613 0
13984 0
440 1
4729 0
8804 0
8829 0
11262 0
12884 0
14759 0
14901 0
587 1
1682 0
1816 0
3763 0
3877 0
4636 0
5056 0
5122 0
9199 0
10530 0
12248 0
12427 0
12509 0
14857 0
483 1
1418 0
2172 0
4146 0
4567 0
4598 0
5802 0
6549 0
12644 0
13568 0
38 1
1303 0
3284 0
4897 0
8959 0
9029 0
11610 0
12802 0
80 1
2795 0
6094 0
7926 0
12714 0
13172 0
13512 0
14059 0
14538 0
272 1
1626 0
6311 0
6829 0
11751 0
116 1
2361 0
4652 0
8353 0
13593 0
590 1
1834 0
3641 0
4144 0
5326 0
7031 0
7168 0
7276 0
8650 0
11650 0
12069 0
672 1
2212 0
2335 0
3970 0
6883 0
10009 0
10687 0
11556 0
12339 0
12461 0
2 1
1885 0
4099 0
4710 0
5396 0
6373 0
6765 0
9147 0
10200 0
10717 0
14160 0
14583 0
14632 0
78 1
3237 0
5977 0
6355 0
7132 0
12061 0
13118 0
13239 0
124 1
1999 0
2037 0
2950 0
4317 0
5286 0
5581 0
6033 0
8541 0
9085 0
9279 0
9644 0
12137 0
681 1
1983 0
3613 0
3836 0
4691 0
4700 0
7956 0
11328 0
61 1
1719 0
5213 0
5837 0
7704 0
7716 0
7748 0
9845 0
9931 0
11292 0
13369 0
171 1
1266 0
1918 0
1993 0
3631 0
6812 0
7049 0
8384 0
9743 0
10384 0
12281 0
692 1
1039 0
3325 0
6394 0
7655 0
8911 0
9165 0
9376 0
10582 0
11037 0
13098 0
13115 0
14144 0
14324 0
172 1
2535 0
6848 0
7772 0
8516 0
8591 0
8617 0
8701 0
10914 0
11805 0
14218 0
14848 0
229 1
1011 0
2537 0
9916 0
10076 0
10810 0
11987 0
13904 0
14053 0
14902 0
608 1
3478 0
5610 0
6343 0
6888 0
6907 0
6967 0
7749 0
9197 0
9815 0
10976 0
709 1
1789 0
1923 0
2691 0
2933 0
3171 0
4586 0
10514 0
10850 0
10971 0
11254 0
11493 0
753 1
2099 0
2876 0
3480 0
4625 0
11482 0
11581 0
13839 0
13856 0
14763 0
790 1
1713 0
3590 0
4470 0
4964 0
5161 0
6821 0
13167 0
13828 0
14541 0
793 1
1531 0
1949 0
2722 0
6307 0
8985 0
10227 0
10503 0
10986 0
11888 0
12889 0
676 1
1957 0
1963 0
3127 0
6225 0
6610 0
9336 0
9872 0
9898 0
10201 0
10657 0
11924 0
13089 0
13848 0
685 1
1347 0
2982 0
6990 0
7652 0
9067 0
9162 0
11567 0
11903 0
12882 0
13888 0
287 1
2430 0
3671 0
4547 0
5584 0
8431 0
9964 0
10278 0
11083 0
11353 0
11690 0
12713 0
12778 0
13199 0
14193 0
14278 0
615 1
855 0
1251 0
1539 0
2527 0
2848 0
2856 0
3799 0
5644 0
5726 0
6396 0
9317 0
9895 0
10999 0
12415 0
13322 0
13495 0
13563 0
831 1
837 0
1029 0
3899 0
5990 0
7601 0
10525 0
10739 0
12374 0
13250 0
771 1
4445 0
6516 0
6713 0
8229 0
8474 0
9318 0
9353 0
9550 0
10316 0
10483 0
10682 0
12262 0
13521 0
14290 0
238 1
1673 0
1690 0
1901 0
3606 0
4188 0
4776 0
6993 0
7518 0
9016 0
11638 0
11737 0
12479 0
13790 0
14374 0
14420 0
943 1
3625 0
4066 0
4126 0
4139 0
4680 0
6082 0
10462 0
10642 0
12525 0
12686 0
12989 0
13007 0
13203 0
973 1
1314 0
2329 0
4057 0
6698 0
7741 0
8388 0
11767 0
12815 0
13111 0
13633 0
688 1
1500 0
1666 0
3285 0
4096 0
4523 0
6864 0
8153 0
8411 0
9575 0
11466 0
12896 0
14950 0
16 1
3603 0
5890 0
6596 0
7060 0
7355 0
10570 0
10656 0
12144 0
14394 0
457 1
1873 0
2441 0
4208 0
5248 0
5690 0
10051 0
10969 0
11431 0
13863 0
990 1
1868 0
2723 0
4641 0
5209 0
6447 0
8110 0
8113 0
8670 0
8877 0
9596 0
10993 0
11544 0
11628 0
11912 0
12465 0
13131 0
13476 0
14630 0
1028 1
2474 0
4430 0
5165 0
7227 0
7339 0
7913 0
8475 0
9755 0
9782 0
10307 0
11128 0
12097 0
12269 0
13506 0
14139 0
14645 0
1033 1
1397 0
5820 0
6203 0
7064 0
7548 0
8438 0
8862 0
10089 0
10176 0
11249 0
12233 0
14990 0
1045 1
2759 0
3682 0
3873 0
4195 0
4307 0
4699 0
5571 0
6050 0
6572 0
8093 0
9003 0
10830 0
11547 0
11975 0
13525 0
13846 0
389 1
1341 0
4047 0
4689 0
5519 0
10456 0
11242 0
11483 0
12142 0
12255 0
13552 0
13626 0
14336 0
14802 0
1054 1
1372 0
2862 0
3074 0
3795 0
3963 0
4745 0
5203 0
6251 0
7116 0
8233 0
11421 0
11630 0
11893 0
12588 0
13606 0
13661 0
680 1
2456 0
3138 0
3780 0
4080 0
4715 0
6575 0
9471 0
10567 0
12013 0
12533 0
13215 0
13787 0
582 1
1538 0
2207 0
4859 0
5090 0
5462 0
6143 0
7992 0
8008 0
8421 0
9233 0
10144 0
11899 0
12026 0
810 1
2630 0
2687 0
2843 0
3115 0
3591 0
5869 0
6123 0
6218 0
6841 0
7019 0
7687 0
7937 0
8379 0
10612 0
10644 0
13154 0
13223 0
14 1
3271 0
3398 0
6408 0
7597 0
8794 0
8867 0
11228 0
11832 0
12649 0
14891 0
142 1
1492 0
1642 0
2942 0
4605 0
5379 0
5438 0
5899 0
6463 0
6638 0
7717 0
8885 0
8951 0
9206 0
9264 0
10209 0
10946 0
11140 0
12673 0
12684 0
13935 0
14126 0
14380 0
14430 0
504 1
1662 0
2350 0
3235 0
3328 0
4482 0
5037 0
5145 0
5266 0
5496 0
5527 0
6121 0
6818 0
7480 0
9027 0
9539 0
10204 0
11200 0
13936 0
14409 0
359 1
1309 0
1887 0
3992 0
4304 0
7451 0
13963 0
14140 0
14328 0
719 1
1611 0
2720 0
3902 0
4394 0
5129 0
5153 0
6059 0
6077 0
6095 0
7320 0
7904 0
11154 0
13194 0
14004 0
14441 0
861 1
1616 0
2888 0
3020 0
3178 0
4365 0
4395 0
5639 0
6985 0
8099 0
8795 0
9702 0
10423 0
10569 0
14343 0
14475 0
14809 0
14963 0
399 1
2009 0
5008 0
7222 0
9252 0
9711 0
10574 0
10688 0
11068 0
11745 0
629 1
1346 0
1392 0
2177 0
2447 0
3512 0
3551 0
3699 0
6237 0
6736 0
7808 0
9547 0
10348 0
10722 0
11131 0
11312 0
11669 0
12129 0
14089 0
14195 0
14913 0
1044 1
3869 0
3885 0
4177 0
4433 0
4645 0
5262 0
5559 0
6038 0
7492 0
7645 0
7980 0
11451 0
11777 0
11841 0
11849 0
12312 0
12412 0
12651 0
13843 0
14105 0
14916 0
1055 1
3513 0
5370 0
6284 0
6354 0
6565 0
7429 0
8307 0
8525 0
10625 0
12410 0
12901 0
13078 0
13184 0
14681 0
81 1
1806 0
2259 0
3823 0
4167 0
4488 0
5082 0
5996 0
6010 0
6054 0
7069 0
9195 0
9490 0
9526 0
9837 0
11153 0
11435 0
12087 0
12543 0
12706 0
12885 0
13221 0
13655 0
13764 0
13924 0
14120 0
541 1
3621 0
4564 0
5451 0
6116 0
8298 0
9055 0
10757 0
11838 0
11848 0
13060 0
14263 0
14337 0
53 1
1281 0
1734 0
4027 0
4199 0
4426 0
5943 0
6173 0
6192 0
6665 0
7083 0
7173 0
8848 0
9537 0
9836 0
10751 0
10862 0
12913 0
14733 0
411 1
1760 0
3067 0
4358 0
4570 0
5181 0
5530 0
6428 0
6545 0
8515 0
11000 0
11564 0
11593 0
13454 0
13677 0
14038 0
14408 0
14644 0
216 1
1443 0
1465 0
1544 0
1569 0
3146 0
3762 0
4661 0
7382 0
9268 0
10122 0
11047 0
11085 0
11462 0
11973 0
12214 0
13218 0
14563 0
482 1
1189 0
1192 0
2196 0
2255 0
4247 0
4642 0
7944 0
7965 0
8290 0
8681 0
9788 0
11436 0
12267 0
12333 0
12850 0
13814 0
14921 0
341 1
2799 0
3624 0
3912 0
4968 0
5984 0
6021 0
6651 0
7654 0
7948 0
8495 0
8968 0
9339 0
9785 0
11349 0
11891 0
13153 0
522 1
2386 0
2751 0
2870 0
3058 0
3588 0
4993 0
6304 0
6853 0
8076 0
8213 0
13505 0
13546 0
13817 0
13876 0
219 1
1102 0
1965 0
2346 0
3021 0
3773 0
5954 0
6968 0
7867 0
9134 0
9506 0
9814 0
9847 0
11227 0
12225 0
14164 0
14182 0
14467 0
463 1
2020 0
2189 0
2342 0
3036 0
4172 0
5895 0
8163 0
8787 0
8914 0
10401 0
11963 0
13751 0
14372 0
599 1
3313 0
3366 0
3944 0
4316 0
4419 0
6058 0
6828 0
11130 0
11197 0
13430 0
95 1
1691 0
2146 0
2755 0
5040 0
7043 0
8441 0
9368 0
10312 0
10857 0
10877 0
11078 0
11300 0
12035 0
12584 0
13400 0
14566 0
141 1
3961 0
6854 0
7174 0
7667 0
8189 0
11223 0
11640 0
11939 0
14651 0
14780 0
562 1
1483 0
1889 0
2525 0
2549 0
3441 0
3700 0
4953 0
6118 0
7041 0
7459 0
8924 0
9382 0
9958 0
10038 0
10375 0
10541 0
11290 0
11491 0
12572 0
12797 0
14093 0
146 1
3521 0
4648 0
4831 0
6226 0
6729 0
7885 0
8156 0
8212 0
8879 0
8993 0
9019 0
9695 0
9875 0
10536 0
11369 0
14590 0
14662 0
625 1
1792 0
1943 0
2379 0
2383 0
3315 0
3582 0
5182 0
6258 0
7281 0
8246 0
8615 0
10893 0
10899 0
11317 0
12640 0
13144 0
13312 0
14433 0
14954 0
23 1
1621 0
4056 0
5243 0
5425 0
11707 0
11765 0
13235 0
13467 0
13498 0
13667 0
13669 0
13797 0
645 1
1172 0
1782 0
4051 0
4282 0
5112 0
5249 0
6454 0
7465 0
8436 0
8669 0
8856 0
10703 0
11145 0
11810 0
11951 0
12472 0
13900 0
13945 0
701 1
2281 0
3358 0
5434 0
5634 0
6243 0
6419 0
8496 0
8776 0
10218 0
12364 0
12395 0
12918 0
12977 0
14851 0
420 1
1097 0
3165 0
3782 0
5092 0
5621 0
7668 0
8478 0
10011 0
10622 0
11478 0
13318 0
14172 0
654 1
1473 0
2160 0
2744 0
2899 0
4921 0
5030 0
6382 0
6646 0
7208 0
8545 0
10265 0
11621 0
12403 0
12638 0
13701 0
14366 0
755 1
1082 0
1679 0
2814 0
4427 0
4893 0
5570 0
8741 0
10393 0
10760 0
11042 0
11513 0
11967 0
12389 0
12547 0
12984 0
13091 0
13734 0
14800 0
782 1
968 0
1558 0
1982 0
3520 0
3545 0
6535 0
6876 0
7099 0
7331 0
7770 0
7823 0
8075 0
9733 0
12735 0
14951 0
847 1
992 0
1099 0
1499 0
1650 0
2392 0
3054 0
3727 0
5965 0
7122 0
7318 0
7858 0
7886 0
8360 0
8520 0
11999 0
12222 0
13428 0
1019 1
1145 0
1373 0
1513 0
2440 0
2907 0
3293 0
5058 0
5654 0
6132 0
6678 0
7872 0
8041 0
9176 0
9340 0
9446 0
9553 0
10792 0
10910 0
11264 0
11454 0
11742 0
12107 0
12760 0
13179 0
13222 0
13360 0
13617 0
266 1
2032 0
2884 0
3644 0
3675 0
5351 0
5627 0
7916 0
9957 0
10240 0
10680 0
10716 0
11560 0
11770 0
12044 0
13065 0
13244 0
14062 0
14099 0
14244 0
14869 0
170 1
3172 0
4431 0
4824 0
5144 0
5206 0
5368 0
5863 0
6264 0
6540 0
7184 0
7378 0
7871 0
8666 0
9450 0
10355 0
12127 0
13899 0
14537 0
14907 0
1058 1
1928 0
1951 0
2677 0
2693 0
2721 0
3820 0
5481 0
5549 0
9269 0
9360 0
9460 0
10610 0
10832 0
11502 0
11949 0
13359 0
14035 0
14536 0
14646 0
106 1
1269 0
3382 0
3504 0
3781 0
4077 0
4159 0
5836 0
6114 0
6819 0
7091 0
7215 0
8022 0
9386 0
9879 0
10026 0
10475 0
11022 0
11362 0
11895 0
13694 0
13897 0
14170 0
14903 0
1006 1
2433 0
3678 0
6200 0
6449 0
6471 0
8580 0
10166 0
10173 0
10458 0
12330 0
12599 0
13348 0
14190 0
14296 0
14710 0
1059 1
1777 0
3306 0
3318 0
3498 0
3754 0
5255 0
5385 0
6823 0
7510 0
7742 0
7962 0
10217 0
10341 0
10829 0
12128 0
13158 0
14589 0
1063 1
1235 0
1537 0
1653 0
1899 0
1998 0
2727 0
3399 0
3574 0
3793 0
3863 0
4425 0
4703 0
6017 0
6119 0
6498 0
9890 0
12929 0
13273 0
330 1
1826 0
2781 0
3703 0
4321 0
4815 0
5339 0
5920 0
6583 0
6776 0
6994 0
7050 0
8347 0
9023 0
10522 0
11664 0
12109 0
12583 0
12891 0
13033 0
13311 0
13860 0
14382 0
14705 0
405 1
1407 0
1576 0
1821 0
1896 0
3143 0
4033 0
4896 0
4987 0
6412 0
6760 0
7632 0
8889 0
9563 0
9670 0
9734 0
10249 0
10844 0
11337 0
11480 0
11670 0
13601 0
14025 0
1069 1
1279 0
2282 0
3194 0
3439 0
3533 0
3923 0
4127 0
4656 0
4768 0
5619 0
5723 0
6003 0
6975 0
7958 0
8571 0
10547 0
11618 0
12300 0
12748 0
13051 0
13102 0
14020 0
14391 0
167 1
1223 0
2318 0
2381 0
2828 0
2845 0
3586 0
4499 0
5028 0
5681 0
6810 0
7157 0
7501 0
9371 0
9579 0
9720 0
9810 0
10101 0
10841 0
13614 0
14070 0
14270 0
14307 0
492 1
1182 0
2707 0
3312 0
4022 0
4322 0
4347 0
4593 0
5518 0
6214 0
6723 0
7896 0
8020 0
8287 0
8299 0
9132 0
9208 0
10797 0
10908 0
12133 0
12586 0
13632 0
13969 0
14481 0
14711 0
14991 0
975 1
1543 0
1565 0
1841 0
2470 0
3658 0
3808 0
3896 0
4058 0
4719 0
4814 0
5235 0
6557 0
6689 0
8788 0
9673 0
10164 0
10589 0
11803 0
12057 0
12377 0
12980 0
14520 0
1072 1
1308 0
1669 0
1799 0
2068 0
2718 0
3391 0
5289 0
5887 0
5988 0
6420 0
6608 0
7816 0
7868 0
8952 0
8988 0
9319 0
9876 0
10429 0
12357 0
13555 0
14033 0
247 1
1497 0
2465 0
2512 0
3099 0
3250 0
3374 0
3378 0
4614 0
4640 0
4718 0
5250 0
6074 0
6228 0
7297 0
7850 0
8371 0
8385 0
8389 0
8485 0
8770 0
9615 0
9750 0
9975 0
10242 0
10426 0
10452 0
10614 0
10675 0
10927 0
10983 0
11523 0
12257 0
12286 0
13334 0
14345 0
36 1
1388 0
1745 0
2061 0
2492 0
3198 0
3274 0
4592 0
4931 0
5212 0
5311 0
5554 0
5686 0
6427 0
7536 0
7835 0
7945 0
8521 0
9250 0
9554 0
9996 0
10364 0
12437 0
12990 0
13320 0
13491 0
13855 0
13914 0
14534 0
14687 0
189 1
1371 0
1689 0
2748 0
2769 0
3059 0
3304 0
3984 0
4132 0
4253 0
4349 0
6197 0
6398 0
7185 0
7447 0
7718 0
7721 0
7921 0
8269 0
9465 0
10839 0
10973 0
11584 0
12831 0
12943 0
13421 0
13515 0
13824 0
14972 0
256 1
1674 0
1775 0
3110 0
3853 0
3883 0
4743 0
5114 0
5428 0
5455 0
5487 0
6293 0
6438 0
6556 0
7482 0
8760 0
8899 0
9545 0
9692 0
10025 0
10179 0
11201 0
12711 0
12994 0
13094 0
14970 0
123 1
1278 0
2225 0
2671 0
2754 0
2768 0
3910 0
4471 0
4829 0
5193 0
6410 0
6477 0
7057 0
7343 0
7954 0
7988 0
8499 0
8982 0
9129 0
9624 0
9765 0
9968 0
11229 0
12227 0
12259 0
14623 0
418 1
1867 0
2125 0
2544 0
3016 0
3179 0
3493 0
4038 0
4089 0
4137 0
4506 0
4612 0
4900 0
5172 0
5814 0
5874 0
7207 0
7388 0
7892 0
7969 0
8025 0
8275 0
9136 0
11050 0
11481 0
12113 0
12507 0
12511 0
12770 0
13557 0
13859 0
14471 0
540 1
1124 0
1277 0
1670 0
1814 0
2141 0
2338 0
2853 0
3905 0
5711 0
6137 0
7246 0
8004 0
8162 0
8761 0
8913 0
10912 0
11928 0
11993 0
12494 0
12824 0
12846 0
13383 0
14008 0
14079 0
14188 0
14621 0
14867 0
328 1
1922 0
2095 0
4399 0
5234 0
5359 0
5623 0
6890 0
7090 0
7295 0
7370 0
9612 0
10337 0
11318 0
12574 0
13355 0
13510 0
14319 0
14501 0
14548 0
410 1
1634 0
4138 0
4429 0
5585 0
7330 0
7840 0
8226 0
8638 0
8706 0
8707 0
9767 0
10398 0
10646 0
11612 0
12351 0
12603 0
12869 0
12914 0
13584 0
14890 0
670 1
1448 0
2469 0
3033 0
3915 0
4773 0
6131 0
6294 0
6795 0
7338 0
7367 0
7855 0
8415 0
10948 0
11808 0
12074 0
12628 0
13081 0
13635 0
13925 0
887 1
3012 0
3249 0
3369 0
3907 0
5298 0
5967 0
7728 0
7826 0
8263 0
8992 0
9271 0
9503 0
11175 0
11442 0
12746 0
13210 0
13 1
1276 0
2251 0
2737 0
4118 0
4318 0
5448 0
8151 0
8203 0
9012 0
9102 0
10794 0
10940 0
12577 0
12861 0
12916 0
12970 0
13276 0
13326 0
13345 0
13483 0
13620 0
13950 0
14240 0
592 1
1366 0
2572 0
4081 0
4291 0
4851 0
5098 0
5576 0
6972 0
7170 0
8261 0
8577 0
8723 0
9092 0
10365 0
10550 0
11440 0
12122 0
12363 0
13232 0
13572 0
14002 0
14625 0
14781 0
1098 1
2012 0
3253 0
3266 0
3583 0
3692 0
3847 0
4224 0
4421 0
5365 0
7158 0
7856 0
8479 0
9220 0
10056 0
10103 0
10138 0
11409 0
12696 0
13050 0
13837 0
13878 0
14305 0
14386 0
1164 1
1840 0
1920 0
2154 0
2438 0
3349 0
3431 0
3507 0
3806 0
3821 0
4877 0
7600 0
7800 0
8839 0
8847 0
9287 0
9713 0
9944 0
10390 0
11348 0
11634 0
11851 0
13292 0
14452 0
14938 0
1168 1
1415 0
3257 0
3988 0
4032 0
4407 0
4706 0
4761 0
4980 0
5038 0
6186 0
7200 0
7849 0
8614 0
8632 0
9354 0
9719 0
10172 0
10411 0
10491 0
11845 0
12720 0
13001 0
13133 0
13195 0
13352 0
1211 1
1458 0
1750 0
2696 0
2882 0
4241 0
5636 0
5945 0
7622 0
7676 0
8033 0
8509 0
9516 0
9894 0
11202 0
12025 0
12866 0
13106 0
13165 0
13550 0
13972 0
14524 0
1046 1
1725 0
1753 0
1804 0
2771 0
3528 0
3547 0
3747 0
4562 0
5200 0
5375 0
6370 0
6676 0
7267 0
8129 0
8136 0
8312 0
9881 0
10224 0
10508 0
10847 0
12004 0
12136 0
13241 0
13407 0
14213 0
14539 0
1326 1
1416 0
1639 0
1971 0
3344 0
3966 0
4413 0
4587 0
4792 0
5148 0
6276 0
6922 0
7656 0
7767 0
7890 0
8325 0
9175 0
9181 0
10580 0
10676 0
10695 0
10781 0
11457 0
11887 0
13664 0
14281 0
14387 0
14399 0
1345 1
2148 0
2362 0
2641 0
2685 0
2706 0
3192 0
4505 0
5279 0
5449 0
5809 0
6135 0
6430 0
6749 0
6808 0
6873 0
7172 0
8532 0
8916 0
8976 0
9069 0
9874 0
10081 0
14012 0
14258 0
14879 0
1353 1
1798 0
2142 0
2542 0
4183 0
4384 0
4677 0
6769 0
6892 0
6902 0
7144 0
7310 0
7356 0
7549 0
7788 0
8135 0
8429 0
10420 0
10663 0
10671 0
10815 0
10964 0
11576 0
11940 0
12452 0
12921 0
13445 0
13807 0
14663 0
14957 0
1381 1
2199 0
2829 0
3069 0
3872 0
4339 0
6240 0
6514 0
6707 0
8868 0
10386 0
11381 0
11389 0
11865 0
13653 0
13821 0
13938 0
14811 0
1391 1
2352 0
2620 0
2713 0
3212 0
3361 0
3850 0
4371 0
4438 0
4695 0
4772 0
4857 0
5247 0
6339 0
7037 0
7696 0
8273 0
8871 0
10433 0
11361 0
11384 0
12075 0
12318 0
12558 0
12991 0
13278 0
14332 0
1402 1
1597 0
2300 0
2357 0
2643 0
2878 0
2990 0
3579 0
4388 0
4754 0
4765 0
5117 0
5721 0
7570 0
7733 0
8049 0
10655 0
11334 0
11916 0
12130 0
12426 0
13016 0
13335 0
13974 0
14178 0
14221 0
1409 1
2021 0
2078 0
2265 0
3983 0
5164 0
5960 0
6404 0
6943 0
7086 0
8430 0
8998 0
9256 0
9594 0
10223 0
11798 0
12519 0
13108 0
13470 0
13631 0
14323 0
14414 0
1466 1
1566 0
2035 0
2202 0
2298 0
2702 0
4940 0
5333 0
5565 0
5611 0
5630 0
6649 0
7560 0
8091 0
8618 0
8929 0
9325 0
9826 0
10273 0
10615 0
11858 0
12212 0
12622 0
12879 0
13069 0
13424 0
13775 0
14189 0
14470 0
14789 0
1507 1
2250 0
3585 0
3664 0
3870 0
4171 0
6515 0
6860 0
7298 0
7651 0
8799 0
9659 0
9729 0
9797 0
10704 0
11592 0
11757 0
11976 0
14021 0
14288 0
14302 0
14342 0
14640 0
1578 1
1771 0
2039 0
2041 0
2074 0
3525 0
4094 0
4147 0
5127 0
5658 0
6364 0
8368 0
8809 0
9007 0
9013 0
10050 0
10203 0
10284 0
12020 0
13390 0
13486 0
14910 0
1636 1
2290 0
2939 0
3833 0
3903 0
4798 0
5334 0
5816 0
5989 0
6319 0
6331 0
6747 0
6955 0
6965 0
8686 0
9390 0
9660 0
9705 0
9980 0
11314 0
12201 0
13965 0
14185 0
14642 0
1154 1
1727 0
1759 0
3123 0
3323 0
3452 0
3816 0
5804 0
5991 0
7712 0
7811 0
8003 0
8215 0
8251 0
8331 0
8568 0
8630 0
10468 0
10872 0
11293 0
11441 0
12186 0
13413 0
13646 0
13760 0
14104 0
14142 0
14599 0
14870 0
1858 1
2043 0
2742 0
2802 0
3048 0
3578 0
3593 0
4012 0
4330 0
4551 0
5818 0
6233 0
6571 0
6671 0
7780 0
8209 0
9805 0
10326 0
10333 0
10371 0
11064 0
11100 0
11162 0
11468 0
12017 0
13119 0
13294 0
14045 0
14775 0
1783 1
2138 0
2180 0
2832 0
2962 0
3224 0
3321 0
3828 0
3894 0
3952 0
4116 0
4967 0
5009 0
5687 0
6089 0
7217 0
7466 0
7862 0
8486 0
8488 0
8763 0
9528 0
9715 0
10165 0
10314 0
10439 0
11014 0
11663 0
11719 0
12200 0
12275 0
12662 0
12700 0
13034 0
13409 0
13920 0
14080 0
1877 1
2835 0
3986 0
4713 0
5050 0
5185 0
5841 0
6472 0
6589 0
6977 0
7594 0
8237 0
8558 0
8679 0
9077 0
9731 0
11089 0
11528 0
12024 0
12646 0
12872 0
13185 0
13260 0
13736 0
14279 0
14694 0
14994 0
2072 1
2841 0
3436 0
3496 0
3505 0
3576 0
3787 0
4526 0
4963 0
5401 0
6073 0
6433 0
6696 0
7074 0
7109 0
7262 0
7342 0
7476 0
7723 0
8395 0
8728 0
8752 0
9441 0
10329 0
10934 0
10949 0
11859 0
12040 0
12146 0
12650 0
13255 0
13496 0
14714 0
14893 0
2462 1
2911 0
5272 0
5348 0
5659 0
6125 0
7803 0
8333 0
8417 0
9127 0
9560 0
9730 0
10230 0
10787 0
10972 0
12030 0
12206 0
12384 0
13059 0
13109 0
13150 0
13559 0
13704 0
14247 0
14352 0
14588 0
14760 0
14788 0
